# Made in Blockbench 4.9.2
mtllib plant_pot.mtl

o pot
v 0.25 0.5 0.25
v 0.25 0.5 -0.25
v 0.25 0.0625 0.25
v 0.25 0.0625 -0.25
v -0.25 0.5 0.25
v -0.25 0.5 -0.25
v -0.25 0.0625 0.25
v -0.25 0.0625 -0.25
v 0.1875 0.5 -0.1875
v -0.1875 0.5 -0.1875
v 0.1875 0.5 0.1875
v -0.1875 0.5 0.1875
v 0.1875 0.4375 -0.1875
v -0.1875 0.4375 -0.1875
v 0.1875 0.4375 0.1875
v -0.1875 0.4375 0.1875
vt 0.265625 0.890625
vt 0.265625 1
vt 0.140625 1
vt 0.140625 0.890625
vt 0.265625 0.765625
vt 0.265625 0.875
vt 0.140625 0.875
vt 0.140625 0.765625
vt 0.375 0.90625
vt 0.375 1
vt 0.28125 1
vt 0.28125 0.90625
vt 0.125 0.875
vt 0.125 1
vt 0 1
vt 0 0.875
vt 0.265625 0.640625
vt 0.265625 0.75
vt 0.140625 0.75
vt 0.140625 0.640625
vt 0.125 0.609375
vt 0.125 0.71875
vt 0 0.71875
vt 0 0.609375
vt 0.109375 0.84375
vt 0.109375 0.75
vt 0.125 0.734375
vt 0.125 0.859375
vt 0.015625 0.84375
vt 0.109375 0.84375
vt 0.125 0.859375
vt 0 0.859375
vt 0.015625 0.75
vt 0.015625 0.84375
vt 0 0.859375
vt 0 0.734375
vt 0.109375 0.75
vt 0.015625 0.75
vt 0 0.734375
vt 0.125 0.734375
vt 0.28125 0.875
vt 0.375 0.875
vt 0.375 0.890625
vt 0.28125 0.890625
vt 0.28125 0.84375
vt 0.375 0.84375
vt 0.375 0.859375
vt 0.28125 0.859375
vt 0.28125 0.8125
vt 0.375 0.8125
vt 0.375 0.828125
vt 0.28125 0.828125
vt 0.28125 0.78125
vt 0.375 0.78125
vt 0.375 0.796875
vt 0.28125 0.796875
vn 1 0 0
vn -1 0 0
vn 0 1 0
vn 0 -1 0
vn 0 0 1
vn 0 0 -1
vn 0 1 0
vn 0 1 0
vn 0 1 0
vn 0 1 0
vn -1 0 0
vn 0 0 1
vn 1 0 0
vn 0 0 -1
usemtl m_81fa1750-2e64-7d08-e13b-88cd65f4898c
f 4/1/1 2/2/1 1/3/1 3/4/1
f 7/5/2 5/6/2 6/7/2 8/8/2
f 15/9/3 13/10/3 14/11/3 16/12/3
f 4/13/4 3/14/4 7/15/4 8/16/4
f 3/17/5 1/18/5 5/19/5 7/20/5
f 8/21/6 6/22/6 2/23/6 4/24/6
f 9/25/7 11/26/7 1/27/7 2/28/7
f 10/29/8 9/30/8 2/31/8 6/32/8
f 12/33/9 10/34/9 6/35/9 5/36/9
f 11/37/10 12/38/10 5/39/10 1/40/10
f 13/41/11 15/42/11 11/43/11 9/44/11
f 14/45/12 13/46/12 9/47/12 10/48/12
f 16/49/13 14/50/13 10/51/13 12/52/13
f 15/53/14 16/54/14 12/55/14 11/56/14
o cube
v 0.375 0.09375 0.375
v 0.375 0.09375 -0.375
v 0.3125 0 0.3125
v 0.3125 0 -0.3125
v -0.375 0.09375 0.375
v -0.375 0.09375 -0.375
v -0.3125 0 0.3125
v -0.3125 0 -0.3125
v 0.3125 0.0625 -0.3125
v -0.3125 0.0625 -0.3125
v 0.3125 0.0625 0.3125
v -0.3125 0.0625 0.3125
vt 0.546875 0.5187078125
vt 0.5625 0.546875
vt 0.375 0.546875
vt 0.390625 0.5187078125
vt 0.546875 0.4874578125
vt 0.5625 0.515625
vt 0.375 0.515625
vt 0.390625 0.4874578125
vt 0.15625 0.421875
vt 0.15625 0.578125
vt 0 0.578125
vt 0 0.421875
vt 0.15625 0.265625
vt 0.15625 0.421875
vt 0 0.421875
vt 0 0.265625
vt 0.546875 0.5499578125
vt 0.5625 0.578125
vt 0.375 0.578125
vt 0.390625 0.5499578125
vt 0.546875 0.4562078125
vt 0.5625 0.484375
vt 0.375 0.484375
vt 0.390625 0.4562078125
vt 0.1875 0.53125
vt 0.34375 0.53125
vt 0.359375 0.546875
vt 0.171875 0.546875
vt 0.1875 0.46875
vt 0.3437499999999999 0.46875
vt 0.3593749999999999 0.484375
vt 0.171875 0.484375
vt 0.1875 0.5
vt 0.3437499999999999 0.5
vt 0.3593749999999999 0.515625
vt 0.171875 0.515625
vt 0.1875 0.5625
vt 0.34375 0.5625
vt 0.359375 0.578125
vt 0.171875 0.578125
vn 0.8320502943378438 -0.5547001962252291 0
vn -0.8320502943378438 -0.5547001962252291 0
vn 0 1 0
vn 0 -1 0
vn 0 -0.5547001962252291 0.8320502943378438
vn 0 -0.5547001962252291 -0.8320502943378438
vn -0.44721359549995804 0.8944271909999161 0
vn 0 0.8944271909999161 0.44721359549995804
vn 0.44721359549995804 0.8944271909999161 0
vn 0 0.8944271909999161 -0.44721359549995804
usemtl m_81fa1750-2e64-7d08-e13b-88cd65f4898c
f 20/57/15 18/58/15 17/59/15 19/60/15
f 23/61/16 21/62/16 22/63/16 24/64/16
f 27/65/17 25/66/17 26/67/17 28/68/17
f 20/69/18 19/70/18 23/71/18 24/72/18
f 19/73/19 17/74/19 21/75/19 23/76/19
f 24/77/20 22/78/20 18/79/20 20/80/20
f 25/81/21 27/82/21 17/83/21 18/84/21
f 26/85/22 25/86/22 18/87/22 22/88/22
f 28/89/23 26/90/23 22/91/23 21/92/23
f 27/93/24 28/94/24 21/95/24 17/96/24
o trunk
v 0.046875 0.8125 0.046875
v 0.046875 0.8125 -0.046875
v 0.046875 0.375 0.046875
v 0.046875 0.375 -0.046875
v -0.046875 0.8125 -0.046875
v -0.046875 0.8125 0.046875
v -0.046875 0.375 -0.046875
v -0.046875 0.375 0.046875
vt 0.09375 0.21875
vt 0.125 0.21875
vt 0.125 0.078125
vt 0.09375 0.078125
vt 0.0625 0.21875
vt 0.09375 0.21875
vt 0.09375 0.078125
vt 0.0625 0.078125
vt 0.03125 0.21875
vt 0.0625 0.21875
vt 0.0625 0.078125
vt 0.03125 0.078125
vt 0 0.21875
vt 0.03125 0.21875
vt 0.03125 0.078125
vt 0 0.078125
vt 0.125 0.21875
vt 0.15625 0.21875
vt 0.15625 0.1875
vt 0.125 0.1875
vt 0.125 0.1875
vt 0.15625 0.1875
vt 0.15625 0.15625
vt 0.125 0.15625
vn 0 0 -1
vn 1 0 0
vn 0 0 1
vn -1 0 0
vn 0 1 0
vn 0 -1 0
usemtl m_81fa1750-2e64-7d08-e13b-88cd65f4898c
f 32/100/25 35/99/25 33/98/25 30/97/25
f 31/104/26 32/103/26 30/102/26 29/101/26
f 36/108/27 31/107/27 29/106/27 34/105/27
f 35/112/28 36/111/28 34/110/28 33/109/28
f 34/116/29 29/115/29 30/114/29 33/113/29
f 35/120/30 32/119/30 31/118/30 36/117/30
o shoot
v 0.17316819894580648 1.0004341862859574 -0.07299113305731741
v 0.17316819894580648 0.9740205449271637 -0.12963536974710804
v 0.04330140147345318 0.7743359541716575 0.03244020407288728
v 0.04330140147345318 0.7479223128128636 -0.024204032616903293
v 0.11773002187216752 1.0001759426664316 -0.1418318320150186
v 0.11773002187216763 1.0265895840252253 -0.08518759532522796
v -0.012136775600185667 0.7740777105521315 -0.03640049488481378
v -0.012136775600185667 0.8004913519109254 0.02024374180497679
vt 0 0.21875
vt 0.03125 0.21875
vt 0.03125 0.078125
vt 0 0.078125
vt 0.09375 0.21875
vt 0.125 0.21875
vt 0.125 0.078125
vt 0.09375 0.078125
vt 0.03125 0.21875
vt 0.0625 0.21875
vt 0.0625 0.078125
vt 0.03125 0.078125
vt 0.0625 0.21875
vt 0.09375 0.21875
vt 0.09375 0.078125
vt 0.0625 0.078125
vt 0.125 0.21875
vt 0.15625 0.21875
vt 0.15625 0.1875
vt 0.125 0.1875
vt 0.125 0.1875
vt 0.15625 0.1875
vt 0.15625 0.15625
vt 0.125 0.15625
vn -5.273559366969494e-16 -0.4226182617407 -0.9063077870366497
vn 0.8870108331782217 -0.41848636382828563 0.19514339628656835
vn 5.273559366969494e-16 0.4226182617407 0.9063077870366497
vn -0.8870108331782217 0.41848636382828563 -0.19514339628656835
vn 0.46174861323503397 0.8039048252952891 -0.3748669764629503
vn -0.46174861323503397 -0.8039048252952891 0.3748669764629503
usemtl m_81fa1750-2e64-7d08-e13b-88cd65f4898c
f 40/124/31 43/123/31 41/122/31 38/121/31
f 39/128/32 40/127/32 38/126/32 37/125/32
f 44/132/33 39/131/33 37/130/33 42/129/33
f 43/136/34 44/135/34 42/134/34 41/133/34
f 42/140/35 37/139/35 38/138/35 41/137/35
f 43/144/36 40/143/36 39/142/36 44/141/36
o cube
v -0.06988994234509965 0.965469719528917 -0.23111329116074902
v -0.0442450384623454 0.9614256719491903 -0.24850717180933346
v 0.0502795656166648 0.8728636231537008 -0.03240898755770277
v 0.07592446949941911 0.868819575573974 -0.049802868206287154
v -0.053902434645341446 0.932681804564887 -0.2560627847400125
v -0.07954733852809576 0.936725852144614 -0.2386689040914281
v 0.06626707331642301 0.8400757081896708 -0.05735848113696623
v 0.0406221694336687 0.8441197557693978 -0.039964600488381796
vt 0.046875 0.21875
vt 0.0625 0.21875
vt 0.0625 0.109375
vt 0.046875 0.109375
vt 0.03125 0.21875
vt 0.046875 0.21875
vt 0.046875 0.109375
vt 0.03125 0.109375
vt 0.078125 0.21875
vt 0.09375 0.21875
vt 0.09375 0.109375
vt 0.078125 0.109375
vt 0.0625 0.21875
vt 0.078125 0.21875
vt 0.078125 0.109375
vt 0.0625 0.109375
vt 0.09375 0.203125
vt 0.109375 0.203125
vt 0.109375 0.1875
vt 0.09375 0.1875
vt 0.09375 0.21875
vt 0.109375 0.21875
vt 0.109375 0.203125
vt 0.09375 0.203125
vn 0.8206369242481375 -0.12940952255125857 -0.5566041807547013
vn 0.3090366778558747 0.9198037562977017 0.24177961378172969
vn -0.8206369242481375 0.12940952255125857 0.5566041807547013
vn -0.3090366778558747 -0.9198037562977017 -0.24177961378172969
vn -0.480678031847058 0.3704243855008648 -0.7948172144121852
vn 0.480678031847058 -0.3704243855008648 0.7948172144121852
usemtl m_81fa1750-2e64-7d08-e13b-88cd65f4898c
f 48/148/37 51/147/37 49/146/37 46/145/37
f 47/152/38 48/151/38 46/150/38 45/149/38
f 52/156/39 47/155/39 45/154/39 50/153/39
f 51/160/40 52/159/40 50/158/40 49/157/40
f 50/164/41 45/163/41 46/162/41 49/161/41
f 51/168/42 48/167/42 47/166/42 52/165/42
o plane
v -0.09086195199172882 1.116142160795174 -0.32513675700437805
v 0.029307555970035676 1.0235360644199578 -0.12643245340133183
v -0.16812112145569746 0.8861912217207485 -0.38558166044981046
v -0.04795161349393298 0.7935851253455323 -0.1868773568467642
vt 1 1
vt 1 0
vt 0 0
vt 0 1
vn 0.8206369242481374 -0.12940952255125848 -0.5566041807547014
usemtl m_f74a47af-e795-343a-050a-c58ff7f27e5c
f 53/169/43 54/170/43 56/171/43 55/172/43
o plane
v -0.23207115225473052 1.0173428815768681 -0.2857836861327559
v -0.11190164429296484 0.9247367852016524 -0.08707938252971009
v -0.026911921192696885 0.9849905009390536 -0.4249347313214323
v 0.09325758676906877 0.8923844045638378 -0.22623042771838647
vt 1 1
vt 1 0
vt 0 0
vt 0 1
vn 0.3090366778558744 0.9198037562977027 0.24177961378172685
usemtl m_f74a47af-e795-343a-050a-c58ff7f27e5c
f 57/173/44 58/174/44 60/175/44 59/176/44
o cube
v 0.2889532438415945 0.965469719528917 -0.04301144458562889
v 0.288492164153366 0.9614256719491903 -0.01202764906774556
v 0.05725780920137136 0.8728636231537004 -0.058546452825797846
v 0.05679672951314285 0.8688195755739734 -0.027562657307914518
v 0.3002206148184613 0.9326818045648873 -0.015604803354328844
v 0.3006816945066897 0.936725852144614 -0.04658859887221217
v 0.06852518017823817 0.8400757081896701 -0.0311398115944978
v 0.06898625986646667 0.8441197557693971 -0.06212360711238113
vt 0.046875 0.21875
vt 0.0625 0.21875
vt 0.0625 0.109375
vt 0.046875 0.109375
vt 0.03125 0.21875
vt 0.046875 0.21875
vt 0.046875 0.109375
vt 0.03125 0.109375
vt 0.078125 0.21875
vt 0.09375 0.21875
vt 0.09375 0.109375
vt 0.078125 0.109375
vt 0.0625 0.21875
vt 0.078125 0.21875
vt 0.078125 0.109375
vt 0.0625 0.109375
vt 0.09375 0.203125
vt 0.109375 0.203125
vt 0.109375 0.1875
vt 0.09375 0.1875
vt 0.09375 0.21875
vt 0.109375 0.21875
vt 0.109375 0.203125
vt 0.09375 0.203125
vn -0.01475455002331139 -0.1294095225512603 0.9914814565722673
vn -0.37531042128304803 0.9198037562977004 0.11446893717066511
vn 0.01475455002331139 0.1294095225512603 -0.9914814565722673
vn 0.37531042128304803 -0.9198037562977004 -0.11446893717066511
vn 0.9267817385608926 0.37042438550086754 0.06214003296067571
vn -0.9267817385608926 -0.37042438550086754 -0.06214003296067571
usemtl m_81fa1750-2e64-7d08-e13b-88cd65f4898c
f 64/180/45 67/179/45 65/178/45 62/177/45
f 63/184/46 64/183/46 62/182/46 61/181/46
f 68/188/47 63/187/47 61/186/47 66/185/47
f 67/192/48 68/191/48 66/190/48 65/189/48
f 66/196/49 61/195/49 62/194/49 65/193/49
f 67/200/50 64/199/50 63/198/50 68/197/50
o plane
v 0.37800180865477245 1.1161421607951743 -0.00626106468855081
v 0.14630637401454932 1.0235360644199574 -0.021796072928719684
v 0.4718294139755344 0.8861912217207492 -0.03487829898121708
v 0.24013397933531128 0.7935851253455322 -0.050413307221385956
vt 1 1
vt 1 0
vt 0 0
vt 0 1
vn -0.014754550023311178 -0.12940952255126018 0.9914814565722672
usemtl m_f74a47af-e795-343a-050a-c58ff7f27e5c
f 69/201/51 70/202/51 72/203/51 71/204/51
o plane
v 0.4267599300680669 1.0173428815768688 -0.1445048639064179
v 0.19506449542784346 0.9247367852016523 -0.16003987214658555
v 0.4230712925622403 0.9849905009390539 0.10336550023664888
v 0.19137585792201686 0.8923844045638374 0.08783049199648123
vt 1 1
vt 1 0
vt 0 0
vt 0 1
vn -0.37531042128304554 0.9198037562977014 0.11446893717066652
usemtl m_f74a47af-e795-343a-050a-c58ff7f27e5c
f 73/205/52 74/206/52 76/207/52 75/208/52
o cube
v 0.19892284914881708 1.059219719528917 -0.29141027618036336
v 0.22833397079645534 1.0551756719491903 -0.28165352966317214
v 0.11443468754517627 0.9666136231537001 -0.07510987982617012
v 0.14384580919281464 0.9625695755739732 -0.0653531333089789
v 0.22844919125209318 1.026431804564887 -0.29391482290818494
v 0.1990380696044548 1.030475852144614 -0.30367156942537615
v 0.14396102964845237 0.9338257081896701 -0.0776144265539917
v 0.1145499080008141 0.9378697557693969 -0.08737117307118292
vt 0.046875 0.21875
vt 0.0625 0.21875
vt 0.0625 0.109375
vt 0.046875 0.109375
vt 0.03125 0.21875
vt 0.046875 0.21875
vt 0.046875 0.109375
vt 0.03125 0.109375
vt 0.078125 0.21875
vt 0.09375 0.21875
vt 0.09375 0.109375
vt 0.078125 0.109375
vt 0.0625 0.21875
vt 0.078125 0.21875
vt 0.078125 0.109375
vt 0.0625 0.109375
vt 0.09375 0.203125
vt 0.109375 0.203125
vt 0.109375 0.1875
vt 0.09375 0.1875
vt 0.09375 0.21875
vt 0.109375 0.21875
vt 0.109375 0.203125
vt 0.09375 0.203125
vn 0.9411558927244278 -0.12940952255125954 0.3122158885501194
vn -0.003687054580408135 0.9198037562977004 0.3923613838404102
vn -0.9411558927244278 0.12940952255125954 -0.3122158885501194
vn 0.003687054580408135 -0.9198037562977004 -0.3923613838404102
vn 0.33795264641456285 0.37042438550086776 -0.8652015854167734
vn -0.33795264641456285 -0.37042438550086776 0.8652015854167734
usemtl m_81fa1750-2e64-7d08-e13b-88cd65f4898c
f 80/212/53 83/211/53 81/210/53 78/209/53
f 79/216/54 80/215/54 78/214/54 77/213/54
f 84/220/55 79/219/55 77/218/55 82/217/55
f 83/224/56 84/223/56 82/222/56 81/221/56
f 82/228/57 77/227/57 78/226/57 81/225/57
f 83/232/58 80/231/58 79/230/58 84/229/58
o plane
v 0.26074972927995194 1.2098921607951743 -0.3652863495134566
v 0.17626156767631124 1.1172860644199574 -0.14898595315926336
v 0.26167149292505393 0.9799412217207492 -0.4633766954735591
v 0.17718333132141323 0.8873351253455322 -0.24707629911936582
vt 1 1
vt 1 0
vt 0 0
vt 0 1
vn 0.9411558927244279 -0.12940952255125945 0.3122158885501192
usemtl m_f74a47af-e795-343a-050a-c58ff7f27e5c
f 85/233/59 86/234/59 88/235/59 87/236/59
o plane
v 0.14356612451194878 1.1110928815768688 -0.45335850856227256
v 0.05907796290830922 1.0184867852016524 -0.23705811220807863
v 0.37885509769305603 1.078740500939054 -0.37530453642474393
v 0.2943669360894165 0.9861344045638376 -0.15900414007055
vt 1 1
vt 1 0
vt 0 0
vt 0 1
vn -0.0036870545804060535 0.9198037562977013 0.3923613838404082
usemtl m_f74a47af-e795-343a-050a-c58ff7f27e5c
f 89/237/60 90/238/60 92/239/60 91/240/60
o cube
v 0.05920358646685342 1.1580025118457906 -0.01982715085118303
v 0.06012655293125846 1.1474812687474967 0.009583970796455343
v 0.08248080670373803 0.9238659671397564 -0.10431531245482328
v 0.08340377316814318 0.9133447240414623 -0.07490419080718491
v 0.09122710847392546 1.1505316243307178 0.009699191252093065
v 0.0903041420095203 1.1610528674290117 -0.019711930395545307
v 0.11450432871081007 0.9163950796246836 -0.07478897035154719
v 0.11358136224640503 0.9269163227229775 -0.10420009199918556
vt 0.046875 0.21875
vt 0.0625 0.21875
vt 0.0625 0.109375
vt 0.046875 0.109375
vt 0.03125 0.21875
vt 0.046875 0.21875
vt 0.046875 0.109375
vt 0.03125 0.109375
vt 0.078125 0.21875
vt 0.09375 0.21875
vt 0.09375 0.109375
vt 0.078125 0.109375
vt 0.0625 0.21875
vt 0.078125 0.21875
vt 0.078125 0.109375
vt 0.0625 0.109375
vt 0.09375 0.203125
vt 0.109375 0.203125
vt 0.109375 0.1875
vt 0.09375 0.1875
vt 0.09375 0.21875
vt 0.109375 0.21875
vt 0.109375 0.203125
vt 0.09375 0.203125
vn 0.029534926860963973 -0.3366797791454095 0.9411558927244285
vn -0.9952177773653436 -0.09761137866307652 -0.0036870545804073723
vn -0.029534926860963973 0.3366797791454095 -0.9411558927244285
vn 0.9952177773653436 0.09761137866307652 0.0036870545804073723
vn -0.09310888094753869 0.9365461788241366 0.3379526464145612
vn 0.09310888094753869 -0.9365461788241366 -0.3379526464145612
usemtl m_81fa1750-2e64-7d08-e13b-88cd65f4898c
f 96/244/61 99/243/61 97/242/61 94/241/61
f 95/248/62 96/247/62 94/246/62 93/245/62
f 100/252/63 95/251/63 93/250/63 98/249/63
f 99/256/64 100/255/64 98/254/64 97/253/64
f 98/260/65 93/259/65 94/258/65 97/257/65
f 99/264/66 96/263/66 95/262/66 100/261/66
o plane
v -0.06228031108352605 1.273767452152514 0.04199972927995166
v -0.039003090846641386 1.0396309074464796 -0.04248843232368853
v 0.18652413325780964 1.298170296818283 0.04292149292505351
v 0.2098013534946943 1.0640337521122487 -0.041566668678586674
vt 1 1
vt 1 0
vt 0 0
vt 0 1
vn 0.029534926860963952 -0.33667977914540925 0.9411558927244286
usemtl m_f74a47af-e795-343a-050a-c58ff7f27e5c
f 101/265/67 102/266/67 104/267/67 103/268/67
o plane
v 0.05843004522952158 1.3280538468785743 -0.07518387548805158
v 0.08170726546640561 1.0939173021725397 -0.15967203709169067
v 0.06581377694476276 1.243883902092223 0.16010509769305578
v 0.08909099718164679 1.0097473573861884 0.07561693608941666
vt 1 1
vt 1 0
vt 0 0
vt 0 1
vn -0.9952177773653439 -0.09761137866307439 -0.003687054580405302
usemtl m_f74a47af-e795-343a-050a-c58ff7f27e5c
f 105/269/68 106/270/68 108/271/68 107/272/68
o shoot
v -0.19672370858587757 0.893964225950207 0.1315555865205098
v -0.16592411288707942 0.8723400601948137 0.18145579052985072
v -0.03205182676895052 0.740143678559559 -0.03674168927239607
v -0.0012522310701523764 0.7185195128041657 0.013158514736944849
v -0.12569312663446158 0.9199868105908933 0.1772719021666933
v -0.15649272233325973 0.9416109763462865 0.1273716981573524
v 0.03897875518246552 0.7661662632002453 0.008974626373787542
v 0.00817915948366732 0.7877904289556386 -0.04092557763555349
vt 0 0.21875
vt 0.03125 0.21875
vt 0.03125 0.078125
vt 0 0.078125
vt 0.09375 0.21875
vt 0.125 0.21875
vt 0.125 0.078125
vt 0.09375 0.078125
vt 0.03125 0.21875
vt 0.0625 0.21875
vt 0.0625 0.078125
vt 0.03125 0.078125
vt 0.0625 0.21875
vt 0.09375 0.21875
vt 0.09375 0.078125
vt 0.0625 0.078125
vt 0.125 0.21875
vt 0.15625 0.21875
vt 0.15625 0.1875
vt 0.125 0.1875
vt 0.125 0.1875
vt 0.15625 0.1875
vt 0.15625 0.15625
vt 0.125 0.15625
vn 0.4927935311807708 -0.3459866520862923 0.7984032641494556
vn -0.6436957800418854 -0.7623480063372734 0.06694221381051844
vn -0.4927935311807708 0.3459866520862923 -0.7984032641494556
vn 0.6436957800418854 0.7623480063372734 -0.06694221381051844
vn -0.585500024237963 0.5469175018334149 0.598390313930332
vn 0.585500024237963 -0.5469175018334149 -0.598390313930332
usemtl m_81fa1750-2e64-7d08-e13b-88cd65f4898c
f 112/276/69 115/275/69 113/274/69 110/273/69
f 111/280/70 112/279/70 110/278/70 109/277/70
f 116/284/71 111/283/71 109/282/71 114/281/71
f 115/288/72 116/287/72 114/286/72 113/285/72
f 114/292/73 109/291/73 110/290/73 113/289/73
f 115/296/74 112/295/74 111/294/74 116/293/74
o cube
v 0.051873107447079625 0.8992312370151356 0.2866513263329399
v 0.039304669959203675 0.8738388097467733 0.29983546515708337
v -0.08407982438046119 0.8595567258829082 0.0806349835493766
v -0.09664826186833719 0.8341642986145459 0.09381912237351997
v 0.06232198701029534 0.8563119063366949 0.28802135187578737
v 0.0748904244981714 0.881704333605057 0.2748372130516439
v -0.07363094481724541 0.8166373952044674 0.08200500909222397
v -0.06106250732936941 0.8420298224728295 0.06882087026808048
vt 0.046875 0.21875
vt 0.0625 0.21875
vt 0.0625 0.109375
vt 0.046875 0.109375
vt 0.03125 0.21875
vt 0.046875 0.21875
vt 0.046875 0.109375
vt 0.03125 0.109375
vt 0.078125 0.21875
vt 0.09375 0.21875
vt 0.09375 0.109375
vt 0.078125 0.109375
vt 0.0625 0.21875
vt 0.078125 0.21875
vt 0.078125 0.109375
vt 0.0625 0.109375
vt 0.09375 0.203125
vt 0.109375 0.203125
vt 0.109375 0.1875
vt 0.09375 0.1875
vt 0.09375 0.21875
vt 0.109375 0.21875
vt 0.109375 0.203125
vt 0.09375 0.203125
vn -0.4021899996120315 -0.8125576725875922 0.4218924423725905
vn -0.7365541456349358 0.5608609091225163 0.37805162500147277
vn 0.4021899996120315 0.8125576725875922 -0.4218924423725905
vn 0.7365541456349358 -0.5608609091225163 -0.37805162500147277
vn 0.543811727310164 0.1586980445289095 0.8240653711342542
vn -0.543811727310164 -0.1586980445289095 -0.8240653711342542
usemtl m_81fa1750-2e64-7d08-e13b-88cd65f4898c
f 120/300/75 123/299/75 121/298/75 118/297/75
f 119/304/76 120/303/76 118/302/76 117/301/76
f 124/308/77 119/307/77 117/306/77 122/305/77
f 123/312/78 124/311/78 122/310/78 121/309/78
f 122/316/79 117/315/79 118/314/79 121/313/79
f 123/320/80 120/319/80 119/318/80 124/317/80
o plane
v 0.04150180317731224 0.9701960978281077 0.450476985045302
v -0.09445112865022871 0.9305215866958803 0.2444606422617385
v 0.22564033958604612 0.8299808705474786 0.3559640787949338
v 0.08968740775850516 0.7903063594152512 0.1499477360113703
vt 1 1
vt 1 0
vt 0 0
vt 0 1
vn -0.4021899996120314 -0.812557672587592 0.42189244237259066
usemtl m_f74a47af-e795-343a-050a-c58ff7f27e5c
f 125/321/81 126/322/81 128/323/81 127/324/81
o plane
v 0.18384482133318314 1.0016581932612423 0.35048397662354325
v 0.04789188950564121 0.9619836821290142 0.14446763383998049
v 0.08329732143017621 0.7985187751143443 0.4559570872166917
v -0.052655610397365715 0.7588442639821162 0.24994074443312897
vt 1 1
vt 1 0
vt 0 0
vt 0 1
vn -0.7365541456349348 0.5608609091225157 0.37805162500147554
usemtl m_f74a47af-e795-343a-050a-c58ff7f27e5c
f 129/325/82 130/326/82 132/327/82 131/328/82
o cube
v -0.3284764407260802 0.9451833444059647 0.2254007938634932
v -0.3409501314259339 0.918223901045407 0.21569729171152496
v -0.11645627048355722 0.8905140263855689 0.1047413015824632
v -0.12892996118341093 0.8635545830250111 0.09503779943049484
v -0.3300604158139077 0.9039742715857111 0.24128878745035498
v -0.31758672511405395 0.9309337149462689 0.25099228960232334
v -0.11804024557138476 0.8493049535653152 0.12062929516932497
v -0.105566554871531 0.876264396925873 0.13033279732129333
vt 0.046875 0.21875
vt 0.0625 0.21875
vt 0.0625 0.109375
vt 0.046875 0.109375
vt 0.03125 0.21875
vt 0.046875 0.21875
vt 0.046875 0.109375
vt 0.03125 0.109375
vt 0.078125 0.21875
vt 0.09375 0.21875
vt 0.09375 0.109375
vt 0.078125 0.109375
vt 0.0625 0.21875
vt 0.078125 0.21875
vt 0.078125 0.109375
vt 0.0625 0.109375
vt 0.09375 0.203125
vt 0.109375 0.203125
vt 0.109375 0.1875
vt 0.09375 0.1875
vt 0.09375 0.21875
vt 0.109375 0.21875
vt 0.109375 0.203125
vt 0.09375 0.203125
vn -0.39915810239532096 -0.862702187537851 -0.3105120688629882
vn -0.3484708995848385 0.4559881427102721 -0.8189278636425616
vn 0.39915810239532096 0.862702187537851 0.3105120688629882
vn 0.3484708995848385 -0.4559881427102721 0.8189278636425616
vn -0.8480806809700949 0.218677272081584 0.482637969124122
vn 0.8480806809700949 -0.218677272081584 -0.482637969124122
usemtl m_81fa1750-2e64-7d08-e13b-88cd65f4898c
f 136/332/83 139/331/83 137/330/83 134/329/83
f 135/336/84 136/335/84 134/334/84 133/333/84
f 140/340/85 135/339/85 133/338/85 138/337/85
f 139/344/86 140/343/86 138/342/86 137/341/86
f 138/348/87 133/347/87 134/346/87 137/345/87
f 139/352/88 136/351/88 135/350/88 140/349/88
o plane
v -0.49208863647951806 1.0123288172210947 0.19884977210968346
v -0.2800684662369944 0.9576594992006986 0.07819027982865298
v -0.40497091158330845 0.8983317815435267 0.4035817380203238
v -0.19295074134078477 0.8436624635231306 0.28292224573929337
vt 1 1
vt 1 0
vt 0 0
vt 0 1
vn -0.3991581023953211 -0.8627021875378509 -0.3105120688629881
usemtl m_f74a47af-e795-343a-050a-c58ff7f27e5c
f 141/353/89 142/354/89 144/355/89 143/356/89
o plane
v -0.39863501123199735 1.0631680728245423 0.3400297636728773
v -0.1866148409894744 1.0084987548041455 0.21937027139184587
v -0.4984245368308285 0.8474925259400796 0.262401746457131
v -0.28640436658830554 0.7928232079196829 0.14174225417609962
vt 1 1
vt 1 0
vt 0 0
vt 0 1
vn -0.34847089958484123 0.45598814271027166 -0.8189278636425606
usemtl m_f74a47af-e795-343a-050a-c58ff7f27e5c
f 145/357/90 146/358/90 148/359/90 147/360/90
o cube
v -0.2899720821336155 0.9139333444059647 -0.056435765191671095
v -0.28849034055188943 0.886973901045407 -0.07216965713148871
v -0.07429054405473351 0.8592640263855686 0.057549934784739576
v -0.07280880247300736 0.8323045830250111 0.04181604284492202
v -0.3042229492102255 0.8727242715857111 -0.04923506349948792
v -0.30570469079195167 0.8996837149462689 -0.033501171559670306
v -0.0885414111313435 0.818054953565315 0.06475063647692281
v -0.0900231527130696 0.8450143969258725 0.08048452841674036
vt 0.046875 0.21875
vt 0.0625 0.21875
vt 0.0625 0.109375
vt 0.046875 0.109375
vt 0.03125 0.21875
vt 0.046875 0.21875
vt 0.046875 0.109375
vt 0.03125 0.109375
vt 0.078125 0.21875
vt 0.09375 0.21875
vt 0.09375 0.109375
vt 0.078125 0.109375
vt 0.0625 0.21875
vt 0.078125 0.21875
vt 0.078125 0.109375
vt 0.0625 0.109375
vt 0.09375 0.203125
vt 0.109375 0.203125
vt 0.109375 0.1875
vt 0.09375 0.1875
vt 0.09375 0.21875
vt 0.109375 0.21875
vt 0.109375 0.203125
vt 0.09375 0.203125
vn 0.047415730615236115 -0.8627021875378506 -0.5034845420741642
vn 0.5034434770667555 0.45598814271027255 -0.7339069962240252
vn -0.047415730615236115 0.8627021875378506 0.5034845420741642
vn -0.5034434770667555 -0.45598814271027255 0.7339069962240252
vn -0.8627261523155297 0.21867727208158494 -0.455942799905644
vn 0.8627261523155297 -0.21867727208158494 0.455942799905644
usemtl m_81fa1750-2e64-7d08-e13b-88cd65f4898c
f 152/364/91 155/363/91 153/362/91 150/361/91
f 151/368/92 152/367/92 150/366/92 149/365/92
f 156/372/93 151/371/93 149/370/93 154/369/93
f 155/376/94 156/375/94 154/374/94 153/373/94
f 154/380/95 149/379/95 150/378/95 153/377/95
f 155/384/96 152/383/96 151/382/96 156/381/96
o plane
v -0.35548794620794727 0.9810788172210948 -0.20869074511031366
v -0.13980640812906486 0.9264094992006986 -0.09470504513390275
v -0.48134881547463615 0.8670817815435267 -0.025213996054307394
v -0.26566727739575374 0.8124124635231305 0.0887717039221035
vt 1 1
vt 1 0
vt 0 0
vt 0 1
vn 0.04741573061523592 -0.8627021875378504 -0.5034845420741643
usemtl m_f74a47af-e795-343a-050a-c58ff7f27e5c
f 157/385/97 158/386/97 160/387/97 159/388/97
o plane
v -0.42434534716819583 1.0319180728245423 -0.05401680282303929
v -0.20866380908931303 0.9772487548041453 0.05996889715337052
v -0.412491414514388 0.8162425259400798 -0.17988793834158062
v -0.19680987643550518 0.7615732079196829 -0.06590223836517083
vt 1 1
vt 1 0
vt 0 0
vt 0 1
vn 0.5034434770667532 0.45598814271027205 -0.7339069962240271
usemtl m_f74a47af-e795-343a-050a-c58ff7f27e5c
f 161/389/98 162/390/98 164/391/98 163/392/98
o cube
v -0.11129423262533139 1.0514042749349302 -0.05881765127610239
v -0.13656034245404036 1.0387044769628784 -0.07211807704344847
v -0.09857659856090656 0.8592023459113676 0.10054570794873352
v -0.12384270838961553 0.8465025479393156 0.08724528218138738
v -0.15488134227652672 1.0541338457190246 -0.05204725131824939
v -0.12961523244781775 1.0668336436910766 -0.03874682555090336
v -0.1421637082121019 0.8619319166954618 0.10731610790658641
v -0.11689759838339292 0.8746317146675138 0.12061653367393255
vt 0.046875 0.21875
vt 0.0625 0.21875
vt 0.0625 0.109375
vt 0.046875 0.109375
vt 0.03125 0.21875
vt 0.046875 0.21875
vt 0.046875 0.109375
vt 0.03125 0.109375
vt 0.078125 0.21875
vt 0.09375 0.21875
vt 0.09375 0.109375
vt 0.078125 0.109375
vt 0.0625 0.21875
vt 0.078125 0.21875
vt 0.078125 0.109375
vt 0.0625 0.109375
vt 0.09375 0.203125
vt 0.109375 0.203125
vt 0.109375 0.1875
vt 0.09375 0.1875
vt 0.09375 0.21875
vt 0.109375 0.21875
vt 0.109375 0.203125
vt 0.09375 0.203125
vn -0.8085155145186859 -0.406393535105663 -0.42561362455507357
vn 0.5862719943195638 -0.4937398001966803 -0.6422664232063698
vn 0.8085155145186859 0.406393535105663 0.42561362455507357
vn -0.5862719943195638 0.4937398001966803 0.6422664232063698
vn -0.05087053625769946 0.7688077160942555 -0.6374534368993464
vn 0.05087053625769946 -0.7688077160942555 0.6374534368993464
usemtl m_81fa1750-2e64-7d08-e13b-88cd65f4898c
f 168/396/99 171/395/99 169/394/99 166/393/99
f 167/400/100 168/399/100 166/398/100 165/397/100
f 172/404/101 167/403/101 165/402/101 170/401/101
f 171/408/102 172/407/102 170/406/102 169/405/102
f 170/412/103 165/411/103 166/410/103 169/409/103
f 171/416/104 168/415/104 167/414/104 172/413/104
o plane
v -0.06695745732222243 1.0991651703781462 -0.22535764376194217
v -0.054239823257797595 0.9069632413545825 -0.06599428453710549
v -0.21352545590211347 1.2226001204273163 -0.06479103796034966
v -0.20080782183768864 1.0303981914037526 0.09457232126448702
vt 1 1
vt 1 0
vt 0 0
vt 0 1
vn -0.8085155145186859 -0.40639353510566284 -0.4256136245550737
usemtl m_f74a47af-e795-343a-050a-c58ff7f27e5c
f 173/417/105 174/418/105 176/419/105 175/420/105
o plane
v -0.03917701729733186 1.211681837290939 -0.09187263779176094
v -0.026459383232907557 1.0194799082673744 0.06749072143307482
v -0.24130589592700366 1.1100834535145243 -0.19827604393052994
v -0.22858826186257936 0.9178815244909597 -0.03891268470569421
vt 1 1
vt 1 0
vt 0 0
vt 0 1
vn 0.5862719943195628 -0.49373980019667874 -0.6422664232063722
usemtl m_f74a47af-e795-343a-050a-c58ff7f27e5c
f 177/421/106 178/422/106 180/423/106 179/424/106